1.193014 128 5 0
7.856897 128 5 2
17.911430 128 5 3
29.034003 128 5 4
1.324428 256 5 0
10.777100 256 5 2
28.073343 256 5 3
47.538452 256 5 4
1.199440 512 5 0
15.139077 512 5 2
43.458672 512 5 3
78.417895 512 5 4
1.209747 1024 5 0
21.060721 1024 5 2
68.452173 1024 5 3
131.154295 1024 5 4
1.255195 2048 5 0
29.723217 2048 5 2
107.062174 2048 5 3
215.619144 2048 5 4
1.198707 4096 5 0
41.791153 4096 5 2
168.704937 4096 5 3
361.993279 4096 5 4
1.194838 8192 5 0
58.828339 8192 5 2
267.195338 8192 5 3
602.501254 8192 5 4
1.208147 16384 5 0
83.148856 16384 5 2
421.725459 16384 5 3
1008.972946 16384 5 4
1.201239 32768 5 0
117.684403 32768 5 2
667.914893 32768 5 3
1687.581336 32768 5 4
1.207431 65536 5 0
165.938705 65536 5 2
1058.887729 65536 5 3
2829.519605 65536 5 4
1.202206 131072 5 0
234.725544 131072 5 2
1677.919264 131072 5 3
4740.165523 131072 5 4
1.203259 262144 5 0
331.624777 262144 5 2
2658.417779 262144 5 3
7949.132083 262144 5 4
